%YAML:1.0
image_width: 1920
image_height: 1200
# distortion_parameters:
k1: -0.1374906235082657
k2: 0.05783702444800811
p1: 0.000180013561902521
p2: 0.0006508618187655724
k3: 0
# projection_parameters:
fx: 1053.8767420505942
fy: 1052.6765254287882
cx: 967.3899880574555
cy: 587.1422341787483

